1000 1 1 1 3 0 1
1400 1 1 1 7 0 0
1800 1 1 1 11 0 1
2200 1 1 1 16 0 1
2600 1 1 1 24 0 1
3000 1 1 1 36 0 1
3400 1 1 1 44 0 1
3800 1 1 1 49 0 1
4200 1 1 1 60 1 1
4600 1 1 1 72 1 1
5000 1 1 1 84 0 1
5400 1 1 1 99 0 1
5800 1 1 1 117 0 2
6200 1 1 1 132 0 2
6600 1 1 1 148 1 1
7000 1 1 1 167 1 2
7400 1 1 1 188 1 2
7800 1 1 1 208 0 2
8200 1 1 1 236 1 2
8600 1 1 1 260 1 2
9000 1 1 1 284 1 2
9400 1 1 1 307 1 2
9800 1 1 1 346 1 2
10200 1 1 1 400 1 2
10600 1 1 1 425 1 3
11000 1 1 1 528 2 2
11400 1 1 1 477 1 3
11800 1 1 1 659 2 4
12200 1 1 1 553 2 4
12600 1 1 1 568 1 3
13000 1 1 1 785 1 3
13400 1 1 1 669 3 5
13800 1 1 1 678 1 3
14200 1 1 1 758 7 7
14600 1 1 1 829 1 4
15000 1 1 1 997 2 4
15400 1 1 1 922 2 3
15800 1 1 1 973 2 3
16200 1 1 1 975 2 4
16600 1 1 1 979 2 3
17000 1 1 1 1034 1 4
17400 1 1 1 1120 2 4
17800 1 1 1 1307 2 5
18200 1 1 1 1242 2 5
18600 1 1 1 1353 2 4
19000 1 1 1 1385 2 4
19400 1 1 1 1432 2 5
19800 1 1 1 1426 2 4
