1000 1 1 1 3 2 0
1400 1 1 1 5 4 0
1800 1 1 1 8 7 0
2200 1 1 1 13 10 0
2600 1 1 1 17 14 0
3000 1 1 1 23 19 1
3400 1 1 1 30 28 1
3800 1 1 1 35 37 0
4200 1 1 1 44 45 1
4600 1 1 1 59 52 0
5000 1 1 1 68 61 1
5400 1 1 1 89 68 1
5800 1 1 1 102 81 1
6200 1 1 1 95 101 1
6600 1 1 1 111 95 1
7000 1 1 1 127 132 1
7400 1 1 1 147 155 1
7800 1 1 1 160 159 2
8200 1 1 1 167 170 1
8600 1 1 1 210 197 2
9000 1 1 1 249 218 1
9400 1 1 1 266 267 1
9800 1 1 1 278 290 2
10200 1 1 1 281 301 1
10600 1 1 1 296 286 3
11000 1 1 1 337 323 2
11400 1 1 1 338 302 2
11800 1 1 1 363 375 2
12200 1 1 1 379 473 2
12600 1 1 1 453 412 2
13000 1 1 1 422 437 3
13400 1 1 1 462 478 3
13800 1 1 1 472 446 2
14200 1 1 1 548 556 2
14600 1 1 1 539 485 3
15000 1 1 1 562 590 2
15400 1 1 1 591 644 3
15800 1 1 1 606 708 3
16200 1 1 1 655 656 2
16600 1 1 1 736 708 4
17000 1 1 1 788 728 3
17400 1 1 1 770 815 3
17800 1 1 1 894 831 4
18200 1 1 1 850 895 3
18600 1 1 1 924 840 4
19000 1 1 1 930 874 3
19400 1 1 1 1034 1050 3
19800 1 1 1 967 953 3
