1000 1 1 1 5 1 0
1400 1 1 1 8 3 0
1800 1 1 1 12 6 0
2200 1 1 1 17 8 1
2600 1 1 1 25 10 1
3000 1 1 1 30 15 0
3400 1 1 1 39 20 1
3800 1 1 1 50 24 0
4200 1 1 1 61 31 0
4600 1 1 1 72 39 1
5000 1 1 1 90 51 1
5400 1 1 1 101 60 1
5800 1 1 1 128 62 1
6200 1 1 1 187 77 1
6600 1 1 1 199 77 1
7000 1 1 1 198 87 1
7400 1 1 1 204 97 1
7800 1 1 1 215 116 1
8200 1 1 1 237 133 2
8600 1 1 1 259 142 1
9000 1 1 1 291 143 2
9400 1 1 1 326 176 1
9800 1 1 1 328 190 1
10200 1 1 1 367 195 2
10600 1 1 1 415 220 3
11000 1 1 1 432 225 2
11400 1 1 1 457 242 2
11800 1 1 1 492 266 2
12200 1 1 1 511 311 2
12600 1 1 1 562 287 2
13000 1 1 1 591 296 2
13400 1 1 1 629 374 2
13800 1 1 1 645 351 2
14200 1 1 1 694 370 2
14600 1 1 1 727 436 2
15000 1 1 1 780 413 2
15400 1 1 1 855 437 3
15800 1 1 1 845 497 3
16200 1 1 1 881 544 3
16600 1 1 1 930 511 3
17000 1 1 1 989 575 3
17400 1 1 1 1389 567 3
17800 1 1 1 1080 570 3
18200 1 1 1 1139 600 3
18600 1 1 1 1184 643 3
19000 1 1 1 1869 665 3
19400 1 1 1 1307 685 4
19800 1 1 1 1397 723 4
